Case #1: 7 4 4 5 5 5 9 9 
Case #2: -1
Case #3: 8 2 4 4 5 5 5 6 10 
Case #4: 4 8 8 9 16 
Case #5: 4 1 1 1 38 
Case #6: 7 4 4 5 6 6 7 9 
Case #7: 7 4 4 5 6 6 8 8 
Case #8: 6 3 5 5 5 8 15 
Case #9: 4 4 10 11 16 
Case #10: 6 3 4 6 6 6 16 
Case #11: -1
Case #12: 6 1 1 1 1 5 32 
Case #13: 4 3 6 10 22 
Case #14: -1
Case #15: 5 6 6 6 7 16 
Case #16: 4 8 8 10 15 
Case #17: 11 1 1 1 1 1 1 1 1 1 4 28 
Case #18: -1
Case #19: 4 2 3 16 20 
Case #20: 2 20 21 
Case #21: 8 1 1 1 1 1 1 1 34 
Case #22: 6 3 5 5 7 9 12 
Case #23: 9 3 3 3 3 3 5 6 6 9 
Case #24: 6 5 5 5 6 6 14 
Case #25: -1
Case #26: 6 2 4 4 7 8 16 
Case #27: 6 4 4 5 6 9 13 
Case #28: 29 1 1 1 1 1 1 1 1 1 1 1 1 1 1 1 1 1 1 1 1 1 1 1 1 1 1 1 1 13 
Case #29: 6 3 3 7 7 10 11 
Case #30: 4 4 6 9 22 
Case #31: 5 4 4 4 8 21 
Case #32: 4 4 11 12 14 
Case #33: 5 3 3 11 12 12 
Case #34: 5 3 3 10 11 14 
Case #35: 3 11 13 17 
Case #36: 7 3 4 4 6 7 7 10 
Case #37: -1
Case #38: 5 2 4 8 11 16 
Case #39: 3 4 9 28 
Case #40: -1
Case #41: 4 5 10 11 15 
Case #42: 4 3 7 10 21 
Case #43: 8 1 1 1 1 1 1 4 31 
Case #44: -1
Case #45: 3 3 6 32 
Case #46: 13 1 1 1 1 1 1 1 1 1 1 3 7 21 
Case #47: 16 1 1 1 1 1 1 1 1 1 1 1 1 1 1 2 25 
Case #48: 6 5 6 6 6 9 9 
Case #49: 21 1 1 1 1 1 1 1 1 1 1 1 1 1 1 1 1 1 1 1 11 11 
Case #50: 7 3 4 5 6 6 7 10 
Case #51: -1
Case #52: 4 6 8 11 16 
Case #53: -1
Case #54: 9 1 1 1 1 1 1 1 1 33 
Case #55: 3 7 7 27 
Case #56: 3 2 9 30 
Case #57: -1
Case #58: 10 1 1 1 1 1 1 1 1 2 31 
Case #59: 4 4 7 10 20 
Case #60: -1
Case #61: 8 3 4 4 4 5 5 6 10 
Case #62: -1
Case #63: 5 2 4 5 5 25 
Case #64: -1
Case #65: 4 6 10 10 15 
Case #66: 5 6 6 7 7 15 
Case #67: 6 4 5 5 5 6 16 
Case #68: -1
Case #69: -1
Case #70: -1
Case #71: -1
Case #72: 6 5 6 7 7 8 8 
Case #73: -1
Case #74: 5 2 3 3 16 17 
Case #75: 4 6 8 9 18 
Case #76: -1
Case #77: 4 5 8 8 20 
Case #78: 5 4 4 5 14 14 
Case #79: 4 1 1 7 32 
Case #80: 6 4 5 5 7 10 10 
Case #81: 6 4 4 4 6 11 12 
Case #82: 4 3 7 7 24 
Case #83: -1
Case #84: 5 4 4 6 10 17 
Case #85: 7 3 4 4 4 5 9 12 
Case #86: 6 3 6 6 6 6 14 
Case #87: 6 4 6 7 8 8 8 
Case #88: -1
Case #89: 19 1 1 1 1 1 1 1 1 1 1 1 1 1 1 1 1 1 1 23 
Case #90: 7 3 3 5 5 6 9 10 
Case #91: 13 1 1 1 1 1 1 1 1 1 1 1 3 27 
Case #92: 19 1 1 1 1 1 1 1 1 1 1 1 1 1 1 1 1 1 3 21 
Case #93: 8 3 4 4 5 5 5 6 9 
Case #94: -1
Case #95: 6 2 3 5 5 5 21 
Case #96: -1
Case #97: -1
Case #98: 21 1 1 1 1 1 1 1 1 1 1 1 1 1 1 1 1 1 1 1 1 21 
Case #99: 6 5 5 5 5 9 12 
Case #100: 7 3 3 5 6 6 6 12 
Case #101: 29 1 1 1 1 1 1 1 1 1 1 1 1 1 1 1 1 1 1 1 1 1 1 1 1 1 1 1 7 7 
Case #102: 10 3 3 3 3 3 3 3 3 7 10 
Case #103: 7 4 4 5 5 7 8 8 
Case #104: 5 4 7 7 7 16 
Case #105: 4 3 10 10 18 
Case #106: -1
Case #107: 6 3 4 4 7 9 14 
Case #108: 8 3 3 3 3 5 7 7 10 
Case #109: 5 4 4 6 7 20 
Case #110: 8 3 5 5 5 5 5 5 8 
Case #111: 7 3 3 4 4 6 10 11 
Case #112: -1
Case #113: -1
Case #114: 6 5 6 6 6 7 11 
Case #115: -1
Case #116: -1
Case #117: 6 4 6 6 6 8 11 
Case #118: 5 1 4 4 9 23 
Case #119: 10 3 3 3 3 3 3 3 3 8 9 
Case #120: 6 5 5 6 6 9 10 
Case #121: 9 3 4 4 4 4 4 4 4 10 
Case #122: 5 5 6 7 8 15 
Case #123: 6 1 4 4 4 12 16 
Case #124: 16 1 1 1 1 1 1 1 1 1 1 1 1 1 1 4 23 
Case #125: 7 3 4 4 5 5 10 10 
Case #126: 21 1 1 1 1 1 1 1 1 1 1 1 1 1 1 1 1 1 1 1 3 19 
Case #127: 6 4 5 8 8 8 8 
Case #128: 8 3 4 4 5 6 6 6 7 
Case #129: 6 3 3 7 7 9 12 
Case #130: -1
Case #131: 5 3 5 7 8 18 
Case #132: 6 1 1 5 5 13 16 
Case #133: 5 4 7 7 9 14 
Case #134: 4 2 5 7 27 
Case #135: 8 3 4 4 4 4 4 9 9 
Case #136: -1
Case #137: 5 1 4 4 8 24 
Case #138: 4 6 7 10 18 
Case #139: 2 9 32 
Case #140: 7 4 4 4 4 5 9 11 
Case #141: 7 4 5 6 6 6 7 7 
Case #142: 6 3 5 5 7 8 13 
Case #143: 3 8 9 24 
Case #144: 22 1 1 1 1 1 1 1 1 1 1 1 1 1 1 1 1 1 1 1 1 1 20 
Case #145: 34 1 1 1 1 1 1 1 1 1 1 1 1 1 1 1 1 1 1 1 1 1 1 1 1 1 1 1 1 1 1 1 1 1 8 
Case #146: 6 2 5 7 8 8 11 
Case #147: 7 4 4 4 4 6 7 12 
Case #148: -1
Case #149: -1
Case #150: 3 2 7 32 
Case #151: 8 3 4 4 4 4 4 6 12 
Case #152: 5 4 6 7 9 15 
Case #153: -1
Case #154: 4 1 11 14 15 
Case #155: 5 3 4 8 13 13 
Case #156: 5 3 5 5 14 14 
Case #157: -1
Case #158: 13 1 1 1 1 1 1 1 1 1 1 1 2 28 
Case #159: 4 5 8 10 18 
Case #160: 19 1 1 1 1 1 1 1 1 1 1 1 1 1 1 1 1 1 2 22 
Case #161: 4 1 3 8 29 
Case #162: 5 1 1 2 15 22 
Case #163: 6 3 3 8 9 9 9 
Case #164: -1
Case #165: 6 3 4 4 7 10 13 
Case #166: 6 3 5 6 6 7 14 
Case #167: 12 1 1 1 1 1 1 1 1 1 1 2 29 
Case #168: 19 1 1 1 1 1 1 1 1 1 1 1 1 1 1 1 1 1 7 17 
Case #169: 7 2 3 4 4 7 8 13 
Case #170: 5 3 6 7 12 13 
Case #171: 6 3 4 4 5 12 13 
Case #172: -1
Case #173: 6 1 4 5 5 10 16 
Case #174: 2 2 39 
Case #175: 5 1 10 10 10 10 
Case #176: -1
Case #177: 5 5 6 6 9 15 
Case #178: 7 4 4 5 5 5 6 12 
Case #179: 6 1 4 4 4 14 14 
Case #180: 18 1 1 1 1 1 1 1 1 1 1 1 1 1 1 1 1 1 24 
Case #181: 5 4 6 6 9 16 
Case #182: -1
Case #183: 5 2 3 9 9 18 
Case #184: 5 3 5 6 11 16 
Case #185: 9 3 4 4 4 4 4 4 5 9 
Case #186: -1
Case #187: 13 1 1 1 1 1 1 1 1 1 1 1 5 25 
Case #188: -1
Case #189: 6 4 4 4 9 9 11 
Case #190: -1
Case #191: 8 3 3 3 4 4 6 9 9 
Case #192: 6 3 3 5 7 10 13 
Case #193: 5 3 5 5 8 20 
Case #194: -1
Case #195: 6 6 6 6 6 6 11 
Case #196: 8 3 4 4 5 5 5 7 8 
Case #197: 8 2 3 4 4 4 5 8 11 
Case #198: 5 5 6 8 8 14 
Case #199: 5 3 6 6 6 20 
Case #200: 3 11 12 18 
Case #201: -1
Case #202: 6 3 3 4 4 10 17 
Case #203: 8 3 3 3 3 3 8 9 9 
Case #204: -1
Case #205: 4 5 6 8 22 
Case #206: 6 4 6 6 7 8 10 
Case #207: 5 4 4 6 6 21 
Case #208: 4 4 4 9 24 
Case #209: 5 6 6 6 8 15 
Case #210: -1
Case #211: 5 2 3 8 11 17 
Case #212: 7 3 3 4 7 7 7 10 
Case #213: -1
Case #214: -1
Case #215: 31 1 1 1 1 1 1 1 1 1 1 1 1 1 1 1 1 1 1 1 1 1 1 1 1 1 1 1 1 1 1 11 
Case #216: 5 2 7 8 8 16 
Case #217: 7 3 3 5 5 5 6 14 
Case #218: 40 1 1 1 1 1 1 1 1 1 1 1 1 1 1 1 1 1 1 1 1 1 1 1 1 1 1 1 1 1 1 1 1 1 1 1 1 1 1 1 2 
Case #219: 4 3 6 16 16 
Case #220: -1
Case #221: 8 3 4 4 4 4 5 7 10 
Case #222: 6 6 6 6 6 7 10 
Case #223: 8 4 4 5 5 5 6 6 6 
Case #224: 4 5 7 11 18 
Case #225: -1
Case #226: 6 3 5 6 6 6 15 
Case #227: 6 5 5 6 6 7 12 
Case #228: 19 1 1 1 1 1 1 1 1 1 1 1 1 1 1 1 1 1 5 19 
Case #229: 3 1 17 23 
Case #230: 7 3 4 4 5 5 8 12 
Case #231: 6 4 4 5 6 6 16 
Case #232: 4 6 6 9 20 
Case #233: 7 3 4 5 5 5 5 14 
Case #234: -1
Case #235: 15 1 1 1 1 1 1 1 1 1 1 1 1 1 3 25 
Case #236: 5 5 5 5 8 18 
Case #237: 9 3 3 3 4 5 5 6 6 6 
Case #238: 5 4 5 6 11 15 
Case #239: 6 2 7 8 8 8 8 
Case #240: 4 3 5 12 21 
Case #241: 27 1 1 1 1 1 1 1 1 1 1 1 1 1 1 1 1 1 1 1 1 1 1 1 1 1 1 15 
Case #242: 5 1 1 1 6 32 
Case #243: -1
Case #244: 7 1 1 1 5 5 11 17 
Case #245: 5 2 3 9 10 17 
Case #246: 7 1 1 1 1 1 4 32 
Case #247: 5 1 3 3 7 27 
Case #248: 6 3 3 4 8 11 12 
Case #249: 3 9 14 18 
Case #250: 7 2 3 4 4 4 8 16 
Case #251: 5 5 6 9 10 11 
Case #252: -1
Case #253: 4 5 5 10 21 
Case #254: 5 3 3 3 7 25 
Case #255: 6 1 1 1 1 3 34 
Case #256: 6 5 5 5 7 9 10 
Case #257: 23 1 1 1 1 1 1 1 1 1 1 1 1 1 1 1 1 1 1 1 1 1 7 13 
Case #258: 6 1 4 4 5 13 14 
Case #259: 5 5 5 9 10 12 
Case #260: 5 3 4 11 11 12 
Case #261: 4 4 5 11 21 
Case #262: 4 6 6 11 18 
Case #263: 4 4 4 13 20 
Case #264: 10 1 1 1 1 1 1 1 1 1 32 
Case #265: 39 1 1 1 1 1 1 1 1 1 1 1 1 1 1 1 1 1 1 1 1 1 1 1 1 1 1 1 1 1 1 1 1 1 1 1 1 1 1 3 
Case #266: 5 5 5 6 9 16 
Case #267: 41 1 1 1 1 1 1 1 1 1 1 1 1 1 1 1 1 1 1 1 1 1 1 1 1 1 1 1 1 1 1 1 1 1 1 1 1 1 1 1 1 1 
Case #268: 6 3 7 7 7 8 9 
Case #269: 8 3 4 4 6 6 6 6 6 
Case #270: 5 6 6 8 8 13 
Case #271: 4 2 11 14 14 
Case #272: 7 5 5 5 5 6 6 9 
Case #273: 7 3 3 4 4 5 9 13 
Case #274: -1
Case #275: 6 2 3 3 5 13 15 
Case #276: 4 3 4 10 24 
Case #277: -1
Case #278: -1
Case #279: 5 6 6 6 9 14 
Case #280: 7 3 4 5 5 6 9 9 
Case #281: -1
Case #282: -1
Case #283: 8 4 4 4 4 4 4 8 9 
Case #284: 5 4 7 10 10 10 
Case #285: 7 1 1 3 3 3 5 25 
Case #286: 7 4 4 4 4 5 10 10 
Case #287: 3 1 3 37 
Case #288: 7 3 4 4 4 7 8 11 
Case #289: 6 1 2 7 10 10 11 
Case #290: 5 1 5 10 10 15 
Case #291: 7 2 3 4 8 8 8 8 
Case #292: -1
Case #293: 6 3 6 6 7 7 12 
Case #294: 3 3 16 22 
Case #295: 4 3 5 7 26 
Case #296: 7 3 4 5 7 7 7 8 
Case #297: 6 4 5 6 6 6 14 
Case #298: -1
Case #299: 4 4 8 9 20 
Case #300: 4 7 9 10 15 
Case #301: 5 1 1 2 5 32 
Case #302: 5 3 5 6 6 21 
Case #303: 32 1 1 1 1 1 1 1 1 1 1 1 1 1 1 1 1 1 1 1 1 1 1 1 1 1 1 1 1 1 1 1 10 
Case #304: 6 3 3 6 6 9 14 
Case #305: 7 3 3 3 5 9 9 9 
Case #306: -1
Case #307: 7 4 5 5 5 5 5 12 
Case #308: 6 1 3 3 5 10 19 
Case #309: 25 1 1 1 1 1 1 1 1 1 1 1 1 1 1 1 1 1 1 1 1 1 1 1 1 17 
Case #310: 8 3 4 4 4 4 5 5 12 
Case #311: 6 1 1 3 3 10 23 
Case #312: 4 1 3 10 27 
Case #313: 8 3 3 5 5 6 6 6 7 
Case #314: 8 3 4 5 5 6 6 6 6 
Case #315: 3 6 17 18 
Case #316: 4 3 4 14 20 
Case #317: 5 2 3 5 8 23 
Case #318: -1
Case #319: 2 1 40 
Case #320: 6 4 6 6 8 8 9 
Case #321: 8 1 3 3 5 5 7 7 10 
Case #322: 8 3 3 3 5 5 6 6 10 
Case #323: 6 3 3 5 5 12 13 
Case #324: 9 1 1 1 1 1 1 1 3 31 
Case #325: 6 4 4 4 5 8 16 
Case #326: 6 3 3 3 5 10 17 
Case #327: 4 6 9 10 16 
Case #328: -1
Case #329: 5 4 6 6 12 13 
Case #330: 9 1 1 1 1 1 1 1 2 32 
Case #331: 6 4 4 5 6 7 15 
Case #332: 9 3 3 3 4 4 4 4 8 8 
Case #333: 6 1 3 3 10 11 13 
Case #334: 5 5 6 7 11 12 
Case #335: 8 4 4 4 5 6 6 6 6 
Case #336: -1
Case #337: -1
Case #338: 8 1 1 1 1 1 3 7 26 
Case #339: 5 5 5 6 12 13 
Case #340: 9 2 3 4 4 5 5 5 5 8 
Case #341: 6 3 6 6 6 9 11 
Case #342: 6 5 5 6 6 6 13 
Case #343: 4 6 6 10 19 
Case #344: -1
Case #345: -1
Case #346: 4 5 8 12 16 
Case #347: 12 1 1 1 1 1 1 1 1 1 1 3 28 
Case #348: 7 3 4 4 6 6 6 12 
Case #349: 4 2 7 8 24 
Case #350: 17 1 1 1 1 1 1 1 1 1 1 1 1 1 1 1 4 22 
Case #351: 7 4 4 5 6 6 6 10 
Case #352: 7 3 3 4 7 7 8 9 
Case #353: 8 3 4 4 4 4 6 6 10 
Case #354: 6 4 4 6 9 9 9 
Case #355: 17 1 1 1 1 1 1 1 1 1 1 1 1 1 1 1 1 25 
Case #356: 4 5 6 15 15 
Case #357: 6 5 5 5 5 5 16 
Case #358: 3 1 10 30 
Case #359: -1
Case #360: 7 1 1 1 1 1 17 19 
Case #361: -1
Case #362: 4 3 11 12 15 
Case #363: 6 3 3 6 6 10 13 
Case #364: 4 1 7 9 24 
Case #365: 3 9 16 16 
Case #366: 5 6 7 9 9 10 
Case #367: 6 2 3 3 5 7 21 
Case #368: 7 2 4 4 7 8 8 8 
Case #369: 5 4 6 6 11 14 
Case #370: 14 1 1 1 1 1 1 1 1 1 1 1 1 1 28 
Case #371: 3 8 12 21 
Case #372: 5 4 4 6 9 18 
Case #373: 8 2 4 4 4 4 7 7 9 
Case #374: 5 5 6 9 9 12 
Case #375: 6 3 5 6 6 9 12 
Case #376: 6 4 4 6 8 8 11 
Case #377: 6 3 3 5 7 11 12 
Case #378: 5 3 5 5 6 22 
Case #379: 7 3 4 4 4 5 8 13 
Case #380: -1
Case #381: -1
Case #382: 15 1 1 1 1 1 1 1 1 1 1 1 1 1 1 27 
Case #383: 3 12 14 15 
Case #384: 8 3 5 5 5 5 6 6 6 
Case #385: 4 5 10 10 16 
Case #386: -1
Case #387: -1
Case #388: 4 5 9 9 18 
Case #389: 6 3 4 6 6 7 15 
Case #390: -1
Case #391: 6 1 1 4 7 8 20 
Case #392: 5 6 8 8 9 10 
Case #393: -1
Case #394: 4 3 3 10 25 
Case #395: 7 4 4 5 5 6 7 10 
Case #396: 7 3 4 5 5 5 8 11 
Case #397: 5 5 7 7 10 12 
Case #398: 4 1 2 14 24 
Case #399: 10 1 4 4 4 4 4 4 4 4 8 
Case #400: 7 3 3 4 6 6 7 12 
Case #401: 7 3 3 5 6 6 9 9 
Case #402: 8 3 3 4 4 5 6 6 10 
Case #403: 5 5 7 9 10 10 
Case #404: 6 3 5 7 7 8 11 
Case #405: -1
Case #406: 7 3 3 5 5 5 8 12 
Case #407: 13 1 1 1 1 1 1 1 1 1 1 5 7 19 
Case #408: 6 3 7 7 8 8 8 
Case #409: -1
Case #410: -1
Case #411: 6 2 3 3 3 15 15 
Case #412: 25 1 1 1 1 1 1 1 1 1 1 1 1 1 1 1 1 1 1 1 1 1 1 1 7 11 
Case #413: 6 5 6 6 6 6 12 
Case #414: 11 1 4 4 4 4 4 4 4 4 4 4 
Case #415: 3 6 14 21 
Case #416: 11 1 1 1 1 1 1 1 1 1 2 30 
Case #417: 8 3 3 3 3 6 6 7 10 
Case #418: 5 3 4 6 13 15 
Case #419: 6 3 5 6 6 10 11 
Case #420: 5 6 6 6 11 12 
Case #421: 7 3 5 5 6 6 7 9 
Case #422: 6 4 5 6 8 8 10 
Case #423: 5 3 3 8 9 18 
Case #424: 5 4 5 8 8 16 
Case #425: -1
Case #426: -1
Case #427: 6 4 4 6 7 9 11 
Case #428: 7 1 1 1 1 1 2 34 
Case #429: 7 4 4 4 5 6 6 12 
Case #430: 4 4 9 14 14 
Case #431: 8 3 3 5 5 5 5 5 10 
Case #432: -1
Case #433: 5 6 6 7 9 13 
Case #434: 5 5 6 6 6 18 
Case #435: 7 3 3 3 6 6 9 11 
Case #436: 7 3 3 4 5 7 7 12 
Case #437: -1
Case #438: 4 3 3 8 27 
Case #439: 4 1 1 2 37 
Case #440: 8 3 3 4 5 5 5 6 10 
Case #441: -1
Case #442: 4 3 8 13 17 
Case #443: 5 8 8 8 8 9 
Case #444: -1
Case #445: -1
Case #446: 7 4 4 4 6 7 8 8 
Case #447: 3 10 11 20 
Case #448: 5 3 4 5 12 17 
Case #449: 5 3 6 7 7 18 
Case #450: 8 1 1 1 1 1 1 2 33 
Case #451: -1
Case #452: 21 1 1 1 1 1 1 1 1 1 1 1 1 1 1 1 1 1 1 1 5 17 
Case #453: 5 3 4 8 9 17 
Case #454: 6 3 5 5 5 7 16 
Case #455: 7 4 4 4 5 6 8 10 
Case #456: 6 3 5 5 5 11 12 
Case #457: 4 5 5 7 24 
Case #458: 4 2 7 16 16 
Case #459: 5 3 3 6 13 16 
Case #460: 6 3 3 4 6 12 13 
Case #461: -1
Case #462: 5 5 6 8 10 12 
Case #463: 3 6 10 25 
Case #464: 4 2 6 16 17 
Case #465: -1
Case #466: 6 2 3 7 8 8 13 
Case #467: 7 3 4 5 5 6 6 12 
Case #468: 4 1 5 17 18 
Case #469: -1
Case #470: 7 2 3 5 5 5 8 13 
Case #471: 3 7 12 22 
Case #472: -1
Case #473: -1
Case #474: 8 3 3 5 6 6 6 6 6 
Case #475: 3 5 12 24 
Case #476: 5 1 1 1 3 35 
Case #477: 6 4 5 5 6 6 15 
Case #478: -1
Case #479: 8 3 3 4 4 6 6 6 9 
Case #480: 7 1 1 1 1 1 1 35 
Case #481: -1
Case #482: 7 1 3 3 3 3 3 25 
Case #483: 5 5 7 8 8 13 
Case #484: 7 3 3 4 4 4 10 13 
Case #485: 7 4 5 6 6 6 6 8 
Case #486: 6 1 8 8 8 8 8 
Case #487: 21 1 1 1 1 1 1 1 1 1 1 1 1 1 1 1 1 1 1 1 9 13 
Case #488: 3 2 6 33 
Case #489: 3 10 15 16 
Case #490: -1
Case #491: 4 1 6 7 27 
Case #492: 5 1 1 2 9 28 
Case #493: 6 4 4 4 4 12 13 
Case #494: -1
Case #495: -1
Case #496: -1
Case #497: 7 4 4 4 6 7 7 9 
Case #498: -1
Case #499: 16 1 1 1 1 1 1 1 1 1 1 1 1 1 1 6 21 
Case #500: 6 3 4 6 6 9 13 
Case #501: 7 4 4 4 4 4 9 12 
Case #502: 4 3 3 3 32 
Case #503: 9 3 3 4 4 4 4 4 5 10 
Case #504: 5 3 3 5 5 25 
Case #505: 6 4 5 6 6 9 11 
Case #506: -1
Case #507: 37 1 1 1 1 1 1 1 1 1 1 1 1 1 1 1 1 1 1 1 1 1 1 1 1 1 1 1 1 1 1 1 1 1 1 1 1 5 
Case #508: -1
Case #509: 9 2 3 4 4 4 4 5 7 8 
Case #510: 6 1 2 4 4 5 25 
Case #511: 6 4 4 5 6 10 12 
Case #512: 5 2 3 4 16 16 
Case #513: 8 3 3 3 4 6 6 7 9 
Case #514: 5 1 7 10 10 13 
Case #515: 8 3 3 3 5 6 6 6 9 
Case #516: -1
Case #517: 9 3 3 3 3 3 5 5 6 10 
Case #518: 4 7 8 8 18 
Case #519: 5 3 6 9 11 12 
Case #520: 6 3 4 5 6 7 16 
Case #521: 7 4 5 5 5 6 8 8 
Case #522: 3 2 14 25 
Case #523: 5 3 7 8 9 14 
Case #524: 6 3 6 6 7 9 10 
Case #525: -1
Case #526: -1
Case #527: 4 4 6 7 24 
Case #528: 5 4 5 6 8 18 
Case #529: 4 7 7 11 16 
Case #530: 7 3 4 4 5 5 6 14 
Case #531: 7 3 3 4 4 9 9 9 
Case #532: 7 4 4 4 5 6 9 9 
Case #533: -1
Case #534: 19 1 1 1 1 1 1 1 1 1 1 1 1 1 1 1 1 1 4 20 
Case #535: 6 3 4 6 7 7 14 
Case #536: 3 8 8 25 
Case #537: 17 1 1 1 1 1 1 1 1 1 1 1 1 1 1 1 2 24 
Case #538: 4 3 3 16 19 
Case #539: 7 3 4 4 4 7 7 12 
Case #540: 8 1 1 3 7 7 7 7 8 
Case #541: -1
Case #542: 8 2 4 4 5 5 5 8 8 
Case #543: 26 1 1 1 1 1 1 1 1 1 1 1 1 1 1 1 1 1 1 1 1 1 1 1 1 1 16 
Case #544: 7 4 5 5 6 6 7 8 
Case #545: 4 2 4 14 21 
Case #546: 6 3 5 7 7 9 10 
Case #547: 4 7 8 10 16 
Case #548: 15 1 1 1 1 1 1 1 1 1 1 1 1 1 5 23 
Case #549: 5 1 1 6 16 17 
Case #550: 5 3 5 5 10 18 
Case #551: 4 4 4 6 27 
Case #552: 3 9 12 20 
Case #553: -1
Case #554: -1
Case #555: 5 1 4 5 5 26 
Case #556: 13 1 1 1 1 1 1 1 1 1 1 7 11 13 
Case #557: 5 1 1 1 2 36 
Case #558: -1
Case #559: 6 4 4 8 8 8 9 
Case #560: 15 1 1 1 1 1 1 1 1 1 1 1 1 1 2 26 
Case #561: 9 3 3 3 3 5 6 6 6 6 
Case #562: -1
Case #563: 7 2 3 5 5 7 8 11 
Case #564: 7 4 4 4 4 5 8 12 
Case #565: 4 4 6 13 18 
Case #566: 6 3 4 7 8 8 11 
Case #567: 3 5 6 30 
Case #568: -1
Case #569: 5 5 5 6 11 14 
Case #570: 6 4 4 6 6 6 15 
Case #571: 5 3 3 6 10 19 
Case #572: 5 1 4 9 13 14 
Case #573: 3 6 16 19 
Case #574: 5 7 7 7 10 10 
Case #575: -1
Case #576: -1
Case #577: 5 4 4 7 10 16 
Case #578: 7 4 4 4 5 5 7 12 
Case #579: 4 9 10 10 12 
Case #580: 5 6 6 9 9 11 
Case #581: 5 1 4 7 13 16 
Case #582: 36 1 1 1 1 1 1 1 1 1 1 1 1 1 1 1 1 1 1 1 1 1 1 1 1 1 1 1 1 1 1 1 1 1 1 1 6 
Case #583: 5 3 4 7 8 19 
Case #584: -1
Case #585: 9 3 3 3 3 3 4 4 9 9 
Case #586: 8 4 4 4 4 5 6 6 8 
Case #587: -1
Case #588: -1
Case #589: 8 4 4 4 5 5 5 5 9 
Case #590: 8 1 1 1 1 1 3 16 17 
Case #591: 3 10 10 21 
Case #592: 5 6 6 7 10 12 
Case #593: 10 1 1 1 1 1 1 1 1 3 30 
Case #594: -1
Case #595: 7 3 3 5 6 7 7 10 
Case #596: 13 1 1 1 1 1 1 1 1 1 1 1 1 29 
Case #597: 4 4 5 12 20 
Case #598: 6 1 3 3 7 10 17 
Case #599: -1
Case #600: 4 3 4 12 22 
Case #601: 5 4 5 6 10 16 
Case #602: -1
Case #603: 7 5 5 5 5 5 8 8 
Case #604: 7 1 1 1 1 2 9 26 
Case #605: 6 4 5 6 6 8 12 
Case #606: 7 4 4 4 4 5 6 14 
Case #607: -1
Case #608: 5 4 4 7 9 17 
Case #609: 4 3 7 13 18 
Case #610: 5 3 3 6 12 17 
Case #611: 4 1 4 15 21 
Case #612: -1
Case #613: -1
Case #614: -1
Case #615: -1
Case #616: -1
Case #617: 9 3 3 4 4 4 5 6 6 6 
Case #618: 3 6 15 20 
Case #619: 24 1 1 1 1 1 1 1 1 1 1 1 1 1 1 1 1 1 1 1 1 1 1 1 18 
Case #620: 7 2 4 4 4 6 10 11 
Case #621: 4 5 6 6 24 
Case #622: 25 1 1 1 1 1 1 1 1 1 1 1 1 1 1 1 1 1 1 1 1 1 1 1 5 13 
Case #623: 5 1 2 7 10 21 
Case #624: 7 1 4 4 8 8 8 8 
Case #625: 8 4 4 4 4 4 6 6 9 
Case #626: 5 3 8 8 11 11 
Case #627: 5 5 6 6 8 16 
Case #628: 4 8 9 12 12 
Case #629: -1
Case #630: -1
Case #631: 6 5 5 5 6 8 12 
Case #632: 4 10 10 10 11 
Case #633: 5 7 7 8 9 10 
Case #634: 6 1 1 1 1 1 36 
Case #635: -1
Case #636: -1
Case #637: 6 3 3 5 9 10 11 
Case #638: -1
Case #639: 6 4 6 6 7 9 9 
Case #640: 9 3 3 3 3 4 4 5 7 9 
Case #641: 8 3 3 3 3 3 5 10 11 
Case #642: -1
Case #643: 5 6 6 9 10 10 
Case #644: 25 1 1 1 1 1 1 1 1 1 1 1 1 1 1 1 1 1 1 1 1 1 1 1 3 15 
Case #645: 9 3 3 4 4 4 4 5 5 9 
Case #646: 6 3 3 7 9 9 10 
Case #647: 4 5 9 11 16 
Case #648: 6 6 6 6 7 7 9 
Case #649: 6 3 3 5 9 9 12 
Case #650: 5 4 5 5 9 18 
Case #651: 6 3 3 4 10 10 11 
Case #652: 7 5 5 6 6 6 6 7 
Case #653: 6 3 4 4 5 11 14 
Case #654: -1
Case #655: 5 3 4 7 13 14 
Case #656: 6 1 1 1 3 16 19 
Case #657: 7 3 4 4 5 5 9 11 
Case #658: -1
Case #659: 6 1 1 2 5 16 16 
Case #660: 9 4 4 4 4 4 4 4 5 8 
Case #661: 6 3 4 5 6 11 12 
Case #662: 6 4 5 5 6 7 14 
Case #663: 16 1 1 1 1 1 1 1 1 1 1 1 1 1 1 1 26 
Case #664: 5 6 8 8 8 11 
Case #665: -1
Case #666: 6 4 4 4 6 10 13 
Case #667: 4 1 5 16 19 
Case #668: 6 5 5 6 7 9 9 
Case #669: -1
Case #670: 6 4 4 4 6 9 14 
Case #671: 5 4 5 7 7 18 
Case #672: 5 1 1 1 1 37 
Case #673: 6 4 4 4 8 9 12 
Case #674: 6 5 5 6 7 8 10 
Case #675: 5 1 1 1 19 19 
Case #676: 7 3 4 4 4 5 10 11 
Case #677: -1
Case #678: 6 3 5 7 7 7 12 
Case #679: 27 1 1 1 1 1 1 1 1 1 1 1 1 1 1 1 1 1 1 1 1 1 1 1 1 1 5 11 
Case #680: 9 3 3 3 4 4 5 5 5 9 
Case #681: -1
Case #682: -1
Case #683: 6 2 5 5 8 8 13 
Case #684: 4 8 10 11 12 
Case #685: 4 3 5 8 25 
Case #686: -1
Case #687: 4 8 9 10 14 
Case #688: 5 4 4 8 9 16 
Case #689: -1
Case #690: 7 5 6 6 6 6 6 6 
Case #691: -1
Case #692: 6 1 1 1 1 2 35 
Case #693: 5 3 4 8 8 18 
Case #694: 7 5 5 5 6 6 6 8 
Case #695: 6 4 5 6 7 7 12 
Case #696: 4 1 7 16 17 
Case #697: 6 2 3 4 8 8 16 
Case #698: 7 4 4 4 4 8 8 9 
Case #699: 8 2 3 4 4 4 8 8 8 
Case #700: 6 4 4 5 5 11 12 
Case #701: 8 3 4 4 4 5 6 6 9 
Case #702: 5 1 4 7 8 21 
Case #703: 7 4 4 4 4 7 9 9 
Case #704: 6 4 4 6 7 8 12 
Case #705: 7 4 5 5 6 6 6 9 
Case #706: 7 4 4 4 4 5 5 15 
Case #707: -1
Case #708: 7 4 6 6 6 6 6 7 
Case #709: 8 2 3 4 5 5 7 7 8 
Case #710: 3 4 5 32 
Case #711: 16 1 1 1 1 1 1 1 1 1 1 1 1 1 1 5 22 
Case #712: 6 5 5 6 6 8 11 
Case #713: -1
Case #714: 5 4 4 4 12 17 
Case #715: 4 1 1 5 34 
Case #716: 8 3 4 4 4 4 7 7 8 
Case #717: -1
Case #718: 8 3 3 4 4 5 5 7 10 
Case #719: 6 4 5 5 6 9 12 
Case #720: 6 4 5 5 7 8 12 
Case #721: 6 3 4 4 6 9 15 
Case #722: 4 1 3 7 30 
Case #723: 7 3 3 3 3 6 10 13 
Case #724: 5 3 3 4 13 18 
Case #725: 5 6 7 8 8 12 
Case #726: 8 4 4 4 4 4 4 5 12 
Case #727: 5 3 3 7 14 14 
Case #728: 6 6 6 6 7 8 8 
Case #729: 3 7 14 20 
Case #730: 20 1 1 1 1 1 1 1 1 1 1 1 1 1 1 1 1 1 1 1 22 
Case #731: 4 6 8 8 19 
Case #732: 7 4 4 4 6 6 7 10 
Case #733: 5 3 5 6 13 14 
Case #734: 6 5 6 6 6 8 10 
Case #735: 5 4 5 7 9 16 
Case #736: 4 3 5 6 27 
Case #737: 5 4 5 6 6 20 
Case #738: 22 1 1 1 1 1 1 1 1 1 1 1 1 1 1 1 1 1 1 1 1 7 14 
Case #739: -1
Case #740: 5 6 6 6 10 13 
Case #741: -1
Case #742: 5 4 4 7 12 14 
Case #743: 4 7 8 12 14 
Case #744: 8 4 4 4 4 4 5 6 10 
Case #745: 8 3 3 3 3 5 5 9 10 
Case #746: 5 5 5 6 10 15 
Case #747: 8 4 4 4 4 4 5 7 9 
Case #748: 5 3 6 6 11 15 
Case #749: 6 5 6 6 8 8 8 
Case #750: 5 4 4 5 9 19 
Case #751: 6 3 3 3 9 10 13 
Case #752: 7 1 1 1 5 7 7 19 
Case #753: 33 1 1 1 1 1 1 1 1 1 1 1 1 1 1 1 1 1 1 1 1 1 1 1 1 1 1 1 1 1 1 1 1 9 
Case #754: -1
Case #755: -1
Case #756: 7 3 4 5 6 6 6 11 
Case #757: 5 1 1 11 14 14 
Case #758: -1
Case #759: 8 3 3 3 3 5 6 9 9 
Case #760: -1
Case #761: 4 1 4 11 25 
Case #762: 6 3 3 7 8 9 11 
Case #763: 4 3 7 9 22 
Case #764: 5 3 3 3 5 27 
Case #765: 7 1 1 1 1 3 7 27 
Case #766: 4 3 5 9 24 
Case #767: 6 4 4 4 5 9 15 
Case #768: 4 4 8 8 21 
Case #769: -1
Case #770: 5 4 5 9 11 12 
Case #771: 6 4 5 5 9 9 9 
Case #772: 4 5 7 9 20 
Case #773: 4 4 6 10 21 
Case #774: 8 4 4 4 4 5 5 6 9 
Case #775: 4 5 9 12 15 
Case #776: 6 3 3 3 10 11 11 
Case #777: 6 4 4 5 6 8 14 
Case #778: 7 3 5 5 5 5 6 12 
Case #779: 5 6 7 7 9 12 
Case #780: 4 3 8 9 21 
Case #781: 7 2 4 4 4 7 9 11 
Case #782: -1
Case #783: 8 3 3 3 5 5 5 7 10 
Case #784: 7 3 4 4 6 6 9 9 
Case #785: 4 4 6 6 25 
Case #786: 4 6 7 8 20 
Case #787: 6 6 6 6 6 8 9 
Case #788: 4 3 8 11 19 
Case #789: 5 3 5 7 10 16 
Case #790: 4 3 11 11 16 
Case #791: -1
Case #792: 10 2 3 4 4 4 4 4 4 4 8 
Case #793: 7 4 4 4 5 8 8 8 
Case #794: 8 2 4 4 4 4 6 7 10 
Case #795: 6 3 3 6 6 11 12 
Case #796: 12 1 1 1 1 1 1 1 1 1 1 1 30 
Case #797: 6 1 1 1 3 11 24 
Case #798: 6 4 4 6 6 9 12 
Case #799: 5 1 2 5 16 17 
Case #800: 3 5 17 19 
Case #801: 8 3 3 4 5 5 6 6 9 
Case #802: 5 3 3 3 14 18 
Case #803: 9 1 1 1 1 1 1 1 4 30 
Case #804: -1
Case #805: 4 7 7 9 18 
Case #806: 3 10 13 18 
Case #807: -1
Case #808: 10 3 3 3 3 3 3 5 6 6 6 
Case #809: 14 1 1 1 1 1 1 1 1 1 1 1 1 2 27 
Case #810: 6 1 2 4 5 13 16 
Case #811: 6 2 3 5 7 11 13 
Case #812: 6 2 3 3 3 3 27 
Case #813: 3 2 3 36 
Case #814: 4 2 4 10 25 
Case #815: 3 7 10 24 
Case #816: 5 4 6 7 8 16 
Case #817: 9 2 3 4 4 4 4 4 8 8 
Case #818: 4 5 6 10 20 
Case #819: 9 3 4 4 4 4 4 5 5 8 
Case #820: -1
Case #821: -1
Case #822: 7 3 3 4 5 5 10 11 
Case #823: 5 4 4 5 8 20 
Case #824: 7 4 4 5 5 7 7 9 
Case #825: 4 7 8 11 15 
Case #826: 6 4 4 4 7 7 15 
Case #827: 9 3 3 3 3 3 3 6 7 10 
Case #828: 5 4 4 4 11 18 
Case #829: 5 6 7 8 10 10 
Case #830: 6 4 4 6 6 10 11 
Case #831: 6 3 3 5 7 8 15 
Case #832: 6 4 5 5 8 8 11 
Case #833: 5 3 3 6 7 22 
Case #834: 4 3 8 12 18 
Case #835: 6 4 4 5 7 7 14 
Case #836: -1
Case #837: 5 3 3 4 5 26 
Case #838: 5 5 5 8 8 15 
Case #839: 3 5 18 18 
Case #840: 3 6 11 24 
Case #841: -1
Case #842: -1
Case #843: 5 4 4 7 11 15 
Case #844: -1
Case #845: 6 2 3 3 6 11 16 
Case #846: -1
Case #847: 5 1 1 3 17 19 
Case #848: 4 1 1 3 36 
Case #849: 4 5 10 12 14 
Case #850: 4 6 11 12 12 
Case #851: 4 3 5 13 20 
Case #852: 5 1 4 5 12 19 
Case #853: 3 5 9 27 
Case #854: 4 3 5 15 18 
Case #855: 6 1 3 7 7 7 16 
Case #856: 6 3 4 4 8 11 11 
Case #857: 4 2 5 12 22 
Case #858: 6 3 4 4 5 8 17 
Case #859: 7 2 3 7 7 7 7 8 
Case #860: 7 4 4 6 6 6 7 8 
Case #861: 7 3 4 6 6 6 7 9 
Case #862: 6 2 3 4 7 8 17 
Case #863: 6 4 4 6 6 7 14 
Case #864: 6 2 3 4 5 8 19 
Case #865: 5 2 5 5 14 15 
Case #866: 6 3 3 3 3 10 19 
Case #867: 23 1 1 1 1 1 1 1 1 1 1 1 1 1 1 1 1 1 1 1 1 1 3 17 
Case #868: 5 1 3 5 5 27 
Case #869: 10 3 3 3 3 3 4 4 4 5 9 
Case #870: 5 4 4 7 8 18 
Case #871: 7 3 5 6 6 6 6 9 
Case #872: 6 1 1 1 7 9 22 
Case #873: 5 3 4 6 14 14 
Case #874: -1
Case #875: 5 5 5 5 12 14 
Case #876: 6 3 5 6 9 9 9 
Case #877: 7 3 4 4 7 7 8 8 
Case #878: 5 3 6 6 9 17 
Case #879: 2 5 36 
Case #880: 6 2 5 7 7 10 10 
Case #881: 6 2 3 5 5 11 15 
Case #882: -1
Case #883: 7 4 4 4 5 5 5 14 
Case #884: 7 1 1 1 1 1 3 33 
Case #885: 6 1 3 3 3 5 26 
Case #886: 5 4 4 9 11 13 
Case #887: 20 1 1 1 1 1 1 1 1 1 1 1 1 1 1 1 1 1 1 2 21 
Case #888: 5 3 3 3 4 28 
Case #889: 6 4 4 4 4 10 15 
Case #890: -1
Case #891: 6 1 3 7 8 11 11 
Case #892: -1
Case #893: 6 2 3 6 9 10 11 
Case #894: 38 1 1 1 1 1 1 1 1 1 1 1 1 1 1 1 1 1 1 1 1 1 1 1 1 1 1 1 1 1 1 1 1 1 1 1 1 1 4 
Case #895: 9 1 1 1 1 1 1 1 7 27 
Case #896: 5 6 6 8 9 12 
Case #897: 28 1 1 1 1 1 1 1 1 1 1 1 1 1 1 1 1 1 1 1 1 1 1 1 1 1 1 1 14 
Case #898: 35 1 1 1 1 1 1 1 1 1 1 1 1 1 1 1 1 1 1 1 1 1 1 1 1 1 1 1 1 1 1 1 1 1 1 7 
Case #899: 8 3 4 4 4 5 5 7 9 
Case #900: -1
Case #901: 8 2 3 3 3 5 5 5 15 
Case #902: 4 7 10 10 14 
Case #903: 4 3 7 8 23 
Case #904: 6 2 3 4 8 11 13 
Case #905: 4 2 3 4 32 
Case #906: 7 4 5 5 5 6 6 10 
Case #907: 18 1 1 1 1 1 1 1 1 1 1 1 1 1 1 1 1 2 23 
Case #908: 6 4 6 6 6 7 12 
Case #909: 6 3 5 5 5 5 18 
Case #910: 5 5 8 8 8 12 
Case #911: 11 1 1 1 1 1 1 1 1 1 1 31 
Case #912: 6 5 5 7 8 8 8 
Case #913: -1
Case #914: 7 4 4 4 6 6 8 9 
Case #915: 5 1 3 6 9 22 
Case #916: 10 3 3 3 3 3 3 3 5 5 10 
Case #917: -1
Case #918: 7 3 3 3 6 7 9 10 
Case #919: 8 3 3 4 4 4 6 7 10 
Case #920: 5 6 6 8 10 11 
Case #921: 13 1 1 1 1 1 1 1 1 1 1 1 4 26 
Case #922: 4 4 5 6 26 
Case #923: 17 1 1 1 1 1 1 1 1 1 1 1 1 1 1 1 3 23 
Case #924: 7 3 3 3 5 6 10 11 
Case #925: 3 1 2 38 
Case #926: 6 3 4 4 8 9 13 
Case #927: 4 3 9 11 18 
Case #928: 4 4 5 16 16 
Case #929: 5 3 3 4 12 19 
Case #930: 8 1 1 3 3 3 3 9 18 
Case #931: 7 2 4 5 7 7 8 8 
Case #932: -1
Case #933: 10 1 1 1 1 1 1 1 1 4 29 
Case #934: 8 1 1 3 3 5 5 10 13 
Case #935: 6 1 1 1 2 17 19 
Case #936: 6 1 1 3 8 11 17 
Case #937: 5 4 5 7 12 13 
Case #938: -1
Case #939: 6 2 4 4 9 11 11 
Case #940: 7 3 3 6 6 7 7 9 
Case #941: 8 3 4 4 5 5 5 5 10 
Case #942: 6 1 4 4 4 8 20 
Case #943: 6 4 4 5 5 7 16 
Case #944: 5 5 9 9 9 9 
Case #945: 7 3 4 4 5 7 9 9 
Case #946: 8 1 1 1 1 1 1 3 32 
Case #947: 5 3 8 9 9 12 
Case #948: 6 2 4 5 5 12 13 
Case #949: -1
Case #950: 6 4 4 5 8 8 12 
Case #951: 7 4 4 6 6 6 6 9 
Case #952: 5 3 5 8 12 13 
Case #953: 5 5 5 5 10 16 
Case #954: -1
Case #955: 5 1 4 4 11 21 
Case #956: -1
Case #957: 8 3 3 3 3 3 3 10 13 
Case #958: 11 1 1 1 1 1 1 1 1 1 3 29 
Case #959: 6 3 3 3 5 9 18 
Case #960: 5 5 8 8 10 10 
Case #961: 6 4 4 4 4 5 20 
Case #962: 4 3 7 12 19 
Case #963: 9 3 3 3 4 4 4 5 6 9 
Case #964: 7 3 3 4 5 5 9 12 
Case #965: 11 1 1 1 1 1 1 1 1 1 5 27 
